******************************
NEAREST NEIGHBOR Date: 18.10.2016 15:47:26
Min cost: 10298, Mean cost: 12793, Max cost: 14877
Elements in path: 51
Path:
80  2599  901  
24  2574  946  
60  2421  1007 
50  2482  1183 
86  2586  1286 
8   2716  1432 
6   2721  1482 
56  2628  1479 
19  2576  1676 
11  2728  1698 
26  2678  1825 
85  2597  1830 
34  2573  1969 
61  2290  1810 
59  2139  1806 
76  2178  1619 
22  1807  1711 
97  1724  1642 
90  1625  1651 
44  1621  1830 
31  1424  1728 
10  1251  1832 
14  1247  1945 
16  1234  1946 
73  929   1766 
20  928   1700 
58  890   1846 
71  872   1559 
9   738   1325 
83  611   1384 
35  463   1670 
37  298   1513 
23  274   1420 
17  252   1240 
78  378   1048 
52  376   825  
87  161   906  
15  123   862  
21  53    857  
93  22    987  
69  19    674  
65  241   341  
64  327   265  
3   457   334  
96  776   392  
55  953   268  
79  1178  100  
30  1256  61   
88  1429  134  
41  1323  280  
80  2599  901  
******************************
******************************
GREEDY CYCLE Date: 18.10.2016 15:47:26
Min cost: 11095, Mean cost: 12653, Max cost: 13393
Elements in path: 51
Path:
61  2290  1810 
34  2573  1969 
85  2597  1830 
26  2678  1825 
11  2728  1698 
19  2576  1676 
6   2721  1482 
8   2716  1432 
56  2628  1479 
86  2586  1286 
50  2482  1183 
24  2574  946  
80  2599  901  
60  2421  1007 
57  2097  981  
66  1917  687  
27  1795  962  
92  1787  1009 
0   1380  939  
7   1286  525  
91  1187  706  
74  839   620  
96  776   392  
18  611   673  
52  376   825  
15  123   862  
69  19    674  
21  53    857  
93  22    987  
87  161   906  
17  252   1240 
23  274   1420 
37  298   1513 
83  611   1384 
78  378   1048 
89  742   1025 
48  938   955  
5   984   965  
62  1115  1052 
46  1393  1368 
10  1251  1832 
16  1234  1946 
14  1247  1945 
31  1424  1728 
44  1621  1830 
90  1625  1651 
97  1724  1642 
22  1807  1711 
76  2178  1619 
59  2139  1806 
61  2290  1810 
******************************
******************************
NEAREST NEIGHBOR GRASP Date: 18.10.2016 15:47:26
Min cost: 13514, Mean cost: 13973, Max cost: 21159
Elements in path: 51
Path:
60  2421  1007 
24  2574  946  
80  2599  901  
50  2482  1183 
8   2716  1432 
86  2586  1286 
19  2576  1676 
11  2728  1698 
26  2678  1825 
85  2597  1830 
34  2573  1969 
61  2290  1810 
59  2139  1806 
97  1724  1642 
90  1625  1651 
22  1807  1711 
44  1621  1830 
14  1247  1945 
10  1251  1832 
16  1234  1946 
73  929   1766 
71  872   1559 
20  928   1700 
83  611   1384 
35  463   1670 
98  198   1810 
23  274   1420 
37  298   1513 
17  252   1240 
78  378   1048 
15  123   862  
21  53    857  
93  22    987  
87  161   906  
18  611   673  
52  376   825  
89  742   1025 
5   984   965  
48  938   955  
91  1187  706  
62  1115  1052 
46  1393  1368 
92  1787  1009 
57  2097  981  
68  2573  599  
72  2863  558  
49  3022  474  
43  2936  337  
1   2848  96   
63  2588  302  
60  2421  1007 
******************************
******************************
GREEDY CYCLE GRASP Date: 18.10.2016 15:47:27
Min cost: 11095, Mean cost: 13630, Max cost: 13505
Elements in path: 51
Path:
59  2139  1806 
61  2290  1810 
34  2573  1969 
85  2597  1830 
26  2678  1825 
11  2728  1698 
19  2576  1676 
6   2721  1482 
8   2716  1432 
56  2628  1479 
86  2586  1286 
50  2482  1183 
24  2574  946  
80  2599  901  
60  2421  1007 
57  2097  981  
66  1917  687  
27  1795  962  
92  1787  1009 
0   1380  939  
7   1286  525  
91  1187  706  
74  839   620  
96  776   392  
18  611   673  
52  376   825  
15  123   862  
69  19    674  
21  53    857  
93  22    987  
87  161   906  
17  252   1240 
23  274   1420 
37  298   1513 
83  611   1384 
78  378   1048 
89  742   1025 
48  938   955  
5   984   965  
62  1115  1052 
46  1393  1368 
10  1251  1832 
16  1234  1946 
14  1247  1945 
31  1424  1728 
44  1621  1830 
90  1625  1651 
97  1724  1642 
22  1807  1711 
76  2178  1619 
59  2139  1806 
******************************
